TASMANIAN SG 4.0
WARNING: do not edit this manually
localpolynomial
2 1 1 5
localp
1 2 123 0 0 0 1 0 2 0 3 0 4 0 5 0 6 0 7 0 8 0 9 0 10 0 11 0 12 0 13 0 14 0 15 0 16 0 17 0 18 0 19 0 20 0 21 0 22 0 23 0 24 0 25 0 26 0 27 0 28 0 29 0 30 0 31 0 32 1 0 1 1 1 2 1 3 1 4 1 5 1 6 1 7 1 8 1 9 1 10 1 11 1 12 1 13 1 14 1 15 1 16 2 0 2 1 2 2 2 3 2 4 2 5 2 6 2 7 2 8 2 9 2 10 2 11 2 12 2 13 2 14 2 15 2 16 3 0 3 1 3 2 3 3 3 4 3 5 3 6 3 7 3 8 4 0 4 1 4 2 4 3 4 4 4 5 4 6 4 7 4 8 5 0 5 1 5 2 5 3 5 4 6 0 6 1 6 2 6 3 6 4 7 0 7 1 7 2 7 3 7 4 8 0 8 1 8 2 8 3 8 4 9 0 9 1 9 2 10 0 10 1 10 2 11 0 11 1 11 2 12 0 12 1 12 2 13 0 13 1 14 0 14 1 15 0 16 0
1  2.80870887599625418e-01 -1.25784256639391501e+00 4.97990899630400219e-01 2.28790823576783264e-01 3.38235244123862855e-02 1.23170672243321344e-01 2.13883335400469887e-02 1.01756752043671295e-02 6.51585552168110205e-03 5.61158082674662051e-02 1.52417587116411846e-02 6.99238672984980880e-03 4.08529093486065253e-03 2.78672541295843512e-03 2.45263384431193554e-03 1.84860884783794033e-03 1.42983518538319920e-03 2.16327336337654996e-02 8.66040669611833902e-03 4.74490579342246033e-03 3.02187637024609046e-03 2.04276887933269036e-03 1.46273058547652379e-03 1.13558494588550385e-03 9.16448137682546182e-04 7.58020197314523969e-04 6.39389517899990878e-04 6.37773851762557520e-04 5.73683473382824438e-04 4.94731582546370507e-04 4.31235142769825774e-04 3.79377853738205317e-04 3.36484825547378463e-04 -1.25784256644682024e+00 -8.87293153513254662e-01 2.18290903781538148e-01 2.00520374796652634e-01 2.00565984377334416e-02 1.06038646728658481e-01 2.25383856312362241e-02 7.87759034048063356e-03 3.30600482910803350e-03 4.90799384827882434e-02 1.24831906902258538e-02 7.19913480597855759e-03 4.19348261517238363e-03 2.58069063787380593e-03 1.31329557046777623e-03 9.41777935203669259e-04 7.21975566049026796e-04 4.97990899630410655e-01 2.18290903726013452e-01 -7.52866947958165111e-02 -4.17817092315115879e-02 -8.69799548715183279e-03 -2.32763612980524948e-02 -3.47345375259594524e-03 -2.29302859223234901e-03 -1.17184595217445509e-03 -1.04245688663682223e-02 -2.93736415966217024e-03 -1.09689571591453650e-03 -7.12172243577557929e-04 -4.90241196888563380e-04 -7.69451033661883166e-04 -5.22160268394689098e-04 -1.71777625148084034e-04 2.28790823603217564e-01 2.00520374743613505e-01 -4.17817092593580908e-02 -5.32678802752299951e-02 -3.18152834858859146e-03 -2.90974096370112956e-02 -6.30292877276045216e-03 -5.20470407206541363e-04 -7.30609134109327929e-04 3.38235244123678558e-02 2.00565982336015081e-02 -8.69799548713368065e-03 -3.18155752768400912e-03 -1.20327848604678822e-03 -2.30727458103605065e-03 -6.80580593915014465e-05 -3.88416939389457649e-04 5.24450393118991443e-06 1.23170672346762378e-01 1.06038646949723481e-01 -2.32763613500903133e-02 -2.90974098511931067e-02 -2.30728938805091488e-03 2.13883335184130718e-02 2.25383855879019435e-02 -3.47345373089819054e-03 -6.30292873761970074e-03 -6.80726892183791676e-05 1.01756752043573595e-02 7.87759610134669552e-03 -2.29302859399421743e-03 -5.20458615667546143e-04 -3.88416938477798013e-04 6.51585552136790813e-03 3.30600492565549797e-03 -1.17184595185934604e-03 -7.30592025363810404e-04 5.24450410620269647e-06 5.61158081856042434e-02 4.90799385252808917e-02 -1.04245688045135065e-02 1.52417586723310183e-02 1.24831905678365607e-02 -2.93736426734644840e-03 6.99238674078261901e-03 7.19913478562603237e-03 -1.09689475142640824e-03 4.08529094568910178e-03 4.19348263139066035e-03 -7.12172254281856487e-04 2.78672541335978075e-03 2.58068763918836708e-03 2.45263384420074670e-03 1.31329278064416799e-03 1.84860884801346659e-03 1.42983518574646418e-03
0
0
1 0
0 4 5 6 8 10 12 14 16 18 20 22 24 26 28 30 32 34 34 34 34 34 34 34 34 34 34 34 34 34 34 34 34 34 37 38 39 41 43 45 47 49 51 51 51 51 51 51 51 51 51 54 55 56 58 60 62 64 66 68 68 68 68 68 68 68 68 68 72 73 74 76 78 78 78 78 78 82 83 84 86 88 88 88 88 88 92 93 94 94 94 98 99 100 100 100 104 105 106 106 106 110 111 112 112 112 114 114 114 116 116 116 118 118 118 120 120 120 121 121 122 122 122 122
33 50 1 2 3 4 5 6 7 8 9 10 11 12 13 14 15 16 17 18 19 20 21 22 23 24 25 26 27 28 29 30 31 32 67 34 35 36 37 38 39 40 41 42 43 44 45 46 47 48 49 76 51 52 53 54 55 56 57 58 59 60 61 62 63 64 65 66 85 90 68 69 70 71 72 73 74 75 95 100 77 78 79 80 81 82 83 84 105 108 86 87 88 89 111 114 91 92 93 94 117 119 96 97 98 99 121 122 101 102 103 104 106 107 109 110 112 113 115 116 118 120
1 123 1 2.80870887599625418e-01 -9.76971678794289700e-01 7.78861787230025637e-01 -1.19259572020548862e-01 5.63689861827211813e-01 -4.24944953164097861e-01 1.02193991329585260e-01 4.32456049917785745e-01 6.77791680050299883e-01 -6.44842507711727464e-01 -2.56860503880682156e-01 -1.54040361563193007e-03 1.95617730399466005e-01 3.59450194171664017e-01 5.00525589716810715e-01 6.22589379786593788e-01 7.29756568825545959e-01 -7.89274359619242971e-01 -5.26233323741794434e-01 -3.36157822728967548e-01 -1.85038161580369398e-01 -5.83572189387576851e-02 5.17895244424531886e-02 1.50041445810411178e-01 2.39160757137228286e-01 3.20918561082959242e-01 3.96592511562624872e-01 4.67128593669060788e-01 5.32681409245394200e-01 5.93634352389449171e-01 6.50621765061216717e-01 7.04153502291661071e-01 7.54645662853333232e-01 -9.76971678847194935e-01 -3.12210739875436438e+00 -2.60689875435256291e-01 -1.62022834042734365e+00 -5.64950654291105914e-01 -2.14195855061887386e+00 -1.25467329046598652e+00 -7.52907901024302495e-01 -4.02998404512391883e-01 -2.52683722793636445e+00 -1.85336849612124177e+00 -1.42325929391083617e+00 -1.10754371110655736e+00 -8.59572373884916474e-01 -6.55163348242924659e-01 -4.81184142618707233e-01 -3.29692329222391944e-01 7.78861787230036073e-01 -2.60689875437865481e-01 1.20156599206461978e+00 4.46095070241356972e-01 1.01533941857256238e+00 1.92596908347014567e-01 6.30393308523147566e-01 9.04983249513434007e-01 1.11379671488809784e+00 1.16447558556725811e-02 3.31650383846164853e-01 5.44139680396187542e-01 7.08000666567874970e-01 8.44219002587804912e-01 9.61844516853648246e-01 1.06589451530977319e+00 1.15893941103659404e+00 -1.19259572020567195e-01 -1.62022834042749597e+00 4.46095070241244063e-01 -5.93960825524151970e-01 2.04088044393002904e-01 -9.60001997005184626e-01 -3.30255601189454906e-01 5.60082361536187734e-02 3.32529806119249260e-01 5.63689861827198602e-01 -5.64950654470108171e-01 1.01533941857255683e+00 2.04088015111888621e-01 8.17785888382641213e-01 -7.12061026658507845e-02 4.03472487073901154e-01 6.99378619073781405e-01 9.22497830527124307e-01 -4.24944953087118660e-01 -2.14195855029444449e+00 1.92596908399665895e-01 -9.60001997005316965e-01 -7.12061026653852402e-02 1.02193991307942239e-01 -1.25467329050457765e+00 6.30393308523149676e-01 -3.30255601197605997e-01 4.03472487073852970e-01 4.32456049917769370e-01 -7.52907895326494714e-01 9.04983249511654431e-01 5.60082361850330890e-02 6.99378619073809049e-01 6.77791680049985246e-01 -4.02998404506963503e-01 1.11379671488809673e+00 3.32529808635454560e-01 9.22497830527146290e-01 -6.44842507781552388e-01 -2.52683722781351916e+00 1.16447558632955112e-02 -2.56860503881511881e-01 -1.85336849612080279e+00 3.31650383725439590e-01 -1.54040361552987282e-03 -1.42325929393962802e+00 5.44139681371553108e-01 1.95617730399472889e-01 -1.10754371107235405e+00 7.08000666567994874e-01 3.59450194172057202e-01 -8.59572374007844031e-01 5.00525589716684705e-01 -6.55163348273456680e-01 6.22589379786605446e-01 7.29756568825757124e-01
custom
2.00000000000000011e-01 3.00000000000000000e+00
2.00000000000000011e-01 3.00000000000000000e+00
TASMANIAN SG end
